0 0.522205414367577 0.383364843334139 0.6747526818505579 0.31058403840084375 0.7230872415419941 0.630768529055277 0.570539974059013 0.7035493339885723
0 0.20536742028886798 0.3358563291628608 0.47794050319219034 0.19871263965175584 0.5083269561326067 0.3895845810848905 0.23575387322928432 0.5267282705959954
0 0.45209489101326256 0.23172128998379582 0.6095712761765237 0.09794978192697683 0.6576786581014485 0.27693554312905055 0.5002022729381873 0.41070705118586953
0 0.2845621410668157 0.508180198448321 0.5123277890543334 0.375885520196543 0.5718802499920863 0.6999269267101891 0.3441146020045686 0.8322216049619671
0 0.8417707763470095 0.47610129402552526 0.8693648352180611 0.47610129402552526 0.8693648352180611 0.5468911159394462 0.8417707763470095 0.5468911159394462
0 0.8778397856506104 0.4132768835870235 0.9037150254910379 0.4303198345334441 0.8898811111943389 0.4967001966557219 0.8640058713539115 0.47965724570930135
0 0.9061324282905485 0.4263171139395878 0.9188805111805228 0.43471374920537115 0.9050465968838239 0.5010941113276489 0.8922985139938496 0.49269747606186565
0 0.9437640066045664 0.6870344715384555 1.0 0.6870344715384555 1.0 0.7522356233012772 0.9437640066045664 0.7522356233012772
0 0.9384154267030101 0.7131541752447933 0.9946893906847681 0.7586711887655787 0.9795009804527264 0.8180184954130078 0.9232270164709683 0.7725014818922223
0 0.9961577892711194 0.7714854871550627 0.9999999999999999 0.7714854871550627 0.9999999999999999 0.8360656755677625 0.9961577892711194 0.8360656755677625
