0 0.3031207366984995 0.4693042291950887 0.5041780354706685 0.4693042291950887 0.5041780354706685 0.7435197817189632 0.3031207366984995 0.7435197817189632
0 0.29774897680763984 0.11459754433833562 0.4903649386084584 0.11459754433833562 0.4903649386084584 0.4597544338335606 0.29774897680763984 0.4597544338335606
0 0.4995736698499318 0.13915416098226466 0.6492155525238744 0.13915416098226466 0.6492155525238744 0.4488403819918144 0.4995736698499318 0.4488403819918144
0 0.7329755852018311 0.9718178171867657 0.8079389973247456 0.9718178171867657 0.8079389973247456 0.999999999999999 0.7329755852018311 0.999999999999999
0 0.7380806204360087 0.8920479099018482 0.7797269605042947 0.8920479099018482 0.7797269605042947 0.971340153071287 0.7380806204360087 0.971340153071287
0 0.7046269062126026 0.8469265850940172 0.7457541512372508 0.872266115121238 0.7302851697743515 0.9516162607735149 0.6891579247497034 0.9262767307462941
0 0.6953595361078944 0.9278727185627337 0.7284079220975649 0.9278727185627337 0.7284079220975649 0.9999999999999855 0.6953595361078944 0.9999999999999855
0 0.615539181411385 0.7899315094882831 0.6327223604663847 0.8023053318176232 0.6212227755842262 0.852775732133758 0.6040395965292265 0.840401909804418
0 0.6005542933665192 0.7567979842877105 0.6153903841657364 0.7635542117343169 0.6071895686137702 0.8204692735137696 0.592353477814553 0.8137130460671632
0 0.5708451569355911 0.8893920619918361 0.6010949504981113 0.8808365648226394 0.6043876911849402 0.9176316353548281 0.57413789762242 0.9261871325240246
0 0.5848168323133383 0.9266498629991599 0.6150666258758584 0.9180943658299634 0.6190681021980089 0.9628092758425725 0.5888183086354888 0.971364773011769
0 0.554455306973233 0.9357254811932522 0.5847051005357531 0.9271699840240557 0.5887065768579036 0.9718848940366648 0.5584567832953835 0.9804403912058614
0 0.5739134347474752 0.9813710994963365 0.6142163444909777 0.9813710994963365 0.6142163444909777 1.0 0.5739134347474752 1.0
