0 0.43741473396998637 0.2578444747612551 0.6776091405184175 0.2578444747612551 0.6776091405184175 0.6821282401091405 0.43741473396998637 0.6821282401091405
0 0.6522851296043658 0.7544338335607094 0.693724420190996 0.7544338335607094 0.693724420190996 0.8622100954979535 0.6522851296043658 0.8622100954979535
0 0.8663881309686221 0.6630286493860846 0.8871077762619374 0.6630286493860846 0.8871077762619374 0.7039563437926329 0.8663881309686221 0.7039563437926329
0 0.88787517053206 0.6643929058663027 0.9116643929058663 0.6643929058663027 0.9116643929058663 0.7107776261937244 0.88787517053206 0.7107776261937244
0 0.9116643929058664 0.7339699863574352 0.944662346521146 0.7339699863574352 0.944662346521146 0.8281036834924965 0.9116643929058664 0.8281036834924965
0 0.9558550168341992 0.7688136606640869 0.9969057667346025 0.7914136434049515 0.9846951276281809 0.8615117567936762 0.9436443777277775 0.8389117740528117
0 0.9625906324944925 0.7584702018923442 0.9999999999999999 0.7584702018923442 0.9999999999999999 0.7948461614557105 0.9625906324944925 0.7948461614557105
0 0.7533023446501497 0.7617250093179188 0.8019159857307075 0.7483749217944512 0.8056391456440276 0.7912239200951485 0.7570255045634696 0.8045740076186161
0 0.7260203749776248 0.7227770122096677 0.7746340160581828 0.7094269246862002 0.7783571759715028 0.7522759229868976 0.7297435348909449 0.765626010510365
0 0.7030787186620926 0.762092443252902 0.7516923597426505 0.7487423557294345 0.7554155196559705 0.7915913540301319 0.7068018785754125 0.8049414415535995
0 0.8248166856482425 0.3559346637648253 0.903273016615594 0.3559346637648253 0.903273016615594 0.3755188924994458 0.8248166856482425 0.3755188924994458
0 0.7587199136688985 0.35450167141838973 0.8167561036995419 0.35450167141838973 0.8167561036995419 0.37217524369109595 0.7587199136688985 0.37217524369109595
0 0.753077506304808 0.36453261784343916 0.7638249489030753 0.36453261784343916 0.7638249489030753 0.38316151834710266 0.753077506304808 0.38316151834710266
