0 0.060581800496393175 0.1347333320821215 0.06855923371022604 0.11326501028342811 0.0799000706470531 0.12658381137287383 0.07192263743322022 0.1480521331715672
0 0.07266675034671786 0.1473409178208501 0.08064418356055074 0.12587259602215672 0.09198502049737778 0.13919139711160244 0.0840075872835449 0.16065971891029582
0 0.05298347873421284 0.16638094526301153 0.06317137067509507 0.13896398835788581 0.07924878592458047 0.15784547805155805 0.06906089398369823 0.1852624349566838
0 0.03887230974730677 0.15235822234952762 0.049060201688189 0.12494126544440189 0.06513761693767439 0.14382275513807413 0.05494972499679217 0.17123971204319988
0 0.051318264188212254 0.18427820570704473 0.03970826664388611 0.17528652444059206 0.04355221038529456 0.15960012775848054 0.055162207929620705 0.1685918090249332
0 0.06622097474137471 0.19161070501852728 0.05323623285781438 0.18212255054833462 0.05651001296012635 0.16796278620337532 0.06949475484368668 0.17745094067356798
0 0.06396602354378314 0.19453720961700166 0.07474014008598001 0.20519090539574203 0.07189094050576945 0.21429756693816446 0.06111682396357257 0.20364387115942412
0 0.07450818183575468 0.20762161241278065 0.08762359020986063 0.2189882996703397 0.08529518497492986 0.22747935009971654 0.07217977660082389 0.2161126628421575
0 0.06809082678610955 0.1850171958959209 0.07886494332830642 0.19567089167466123 0.07601574374809586 0.20477755321708369 0.06524162720589897 0.19412385743834332
0 0.05492040239833054 0.18012854020131183 0.06569451894052741 0.1907822359800522 0.06284531936031684 0.19988889752247463 0.05207120281811997 0.1892352017437343
0 0.07695364529904732 0.28105729094440224 0.0691545657896195 0.2646046496687381 0.08441850020916283 0.24173659840741052 0.09221757971859065 0.2581892396830746
0 0.08726772758596665 0.2941936345536129 0.07946864807653885 0.27774099327794877 0.09473258249608221 0.2548729420166212 0.10253166200551002 0.27132558329228534
0 0.10144047600268263 0.31916276213940975 0.08855119815009463 0.29197203218792717 0.10486952972919777 0.267524309026035 0.11775880758178578 0.29471503897751755
0 0.45082415564780454 0.05078433834855582 0.803328662269841 0.22790684401483452 0.73261129276559 0.6727142099292793 0.38010678614355353 0.49559170426300064
0 0.1926159618008186 0.001364256480218281 0.3959754433833565 0.001364256480218281 0.3959754433833565 0.40654843110504796 0.1926159618008186 0.40654843110504796
0 0.29928376534788553 0.3860845839017728 0.43357776261937236 0.3860845839017728 0.43357776261937236 0.6016371077762619 0.29928376534788553 0.6016371077762619
0 0.6033832235037614 0.7608247490165378 0.43411625586752794 0.624993231777586 0.46248742010271837 0.5132544926359123 0.6317543877389518 0.649086009874864
