0 0.37448840381991816 0.2933151432469304 0.4934345156889496 0.2933151432469304 0.4934345156889496 0.5852660300136426 0.37448840381991816 0.5852660300136426
0 0.49573669849931773 0.2796725784447475 0.6745395634379261 0.2796725784447475 0.6745395634379261 0.6589358799454293 0.49573669849931773 0.6589358799454293
0 0.6852830832196452 0.252387448840382 0.7497442019099592 0.252387448840382 0.7497442019099592 0.6603001364256481 0.6852830832196452 0.6603001364256481
0 0.7581855388813097 0.005457025920873124 0.7812073669849932 0.005457025920873124 0.7812073669849932 0.06275579809004093 0.7581855388813097 0.06275579809004093
0 0.8011596180081856 0.3792633015006821 0.8425989085948158 0.3792633015006821 0.8425989085948158 0.451568894952251 0.8011596180081856 0.451568894952251
0 0.8491224404474009 0.4362016136309525 0.881364768242203 0.4362016136309525 0.881364768242203 0.48617262878870837 0.8491224404474009 0.48617262878870837
0 0.8821914945959157 0.43693648150091957 0.9162939566865718 0.43693648150091957 0.9162939566865718 0.48764236452864235 0.8821914945959157 0.48764236452864235
0 0.9198075436898514 0.43840621724085355 0.9592837270796409 0.43840621724085355 0.9592837270796409 0.49058183600851035 0.9198075436898514 0.49058183600851035
0 0.9262146729311262 0.4994002504481142 0.9754048909770421 0.4994002504481142 0.9754048909770421 0.5104232684976192 0.9262146729311262 0.5104232684976192
0 0.965690856320914 0.5111581363675847 0.9842921992794442 0.5111581363675847 0.9842921992794442 0.5148324757174196 0.965690856320914 0.5148324757174196
0 0.8509825747432551 0.3300132064207215 0.8931456187826113 0.3300132064207215 0.8931456187826113 0.3344224136405235 0.8509825747432551 0.3344224136405235
0 0.893558981959466 0.3270737349408536 0.9357220259988223 0.3270737349408536 0.9357220259988223 0.33442241364052355 0.893558981959466 0.33442241364052355
0 0.8501558483895422 0.33589214938045747 0.8923188924288984 0.33589214938045747 0.8923188924288984 0.3403013566002595 0.8501558483895422 0.3403013566002595
