0 0.31890144758820543 0.14195361113470867 0.686190159050017 0.19883146037384208 0.6553855225558618 0.827519863845853 0.28809681109405016 0.7706420146067195
0 0.15253788355715275 0.6481226507346497 0.16912672652662536 0.6769864531590736 0.14613550186823163 0.7187482911859162 0.12954665889875902 0.6898844887614922
0 0.15691784290829755 0.7348058560325457 0.13208652989629846 0.7897796688306805 0.10794198305716422 0.7553115302500377 0.13277329606916333 0.7003377174519029
0 0.10828677391147636 0.7545235510685674 0.09493230876679475 0.7302162560161094 0.12216276050769835 0.6829338401090881 0.13551722565237997 0.7072411351615461
0 0.1097417821063022 0.7732200370220444 0.0922198340846203 0.7630131938673911 0.09717028320395311 0.7361541533625 0.11469223122563502 0.7463609965171533
0 0.1299392884747258 0.8073376819323046 0.11952388507540214 0.7947129505391837 0.12344556003240705 0.7844875462068461 0.1338609634317307 0.797112277599967
0 0.10833019918373293 0.776195182846852 0.12338211276976611 0.776195182846852 0.12338211276976611 0.7915815834014637 0.10833019918373293 0.7915815834014637
0 0.11824249305357809 0.7675664772589456 0.13470931403695466 0.7675664772589456 0.13470931403695466 0.7892130024953091 0.11824249305357809 0.7892130024953091
0 0.10993629860702027 0.7874607469077588 0.12128351779958954 0.8096562095437418 0.09291704105395202 0.8554899801138386 0.08156982186138274 0.8332945174778555
0 0.12199650552442284 0.8105503738265466 0.13334372471699213 0.8327458364625296 0.1049772479713546 0.8785796070326264 0.09363002877878532 0.8563841443966433
0 0.13475249361013691 0.8321968990629088 0.14702832282830647 0.8562087476148446 0.11866184608266898 0.9020425181849413 0.10638601686449943 0.8780306696330056
