0 0.35914051841746264 0.21418826739427016 0.5011084583901774 0.21418826739427016 0.5011084583901774 0.5457025920873123 0.35914051841746264 0.5457025920873123
0 0.5011084583901767 0.19645293315143275 0.5632673942701223 0.19645293315143275 0.5632673942701223 0.43929058663028664 0.5011084583901767 0.43929058663028664
0 0.3822576020316263 0.5777212553677107 0.5007291376215874 0.49283020504178704 0.5503411198255679 0.7116535419138112 0.43186958423560673 0.7965445922397348
0 0.5927545916186528 0.8536927633359661 0.6259751690936745 0.8817933234940516 0.609813400294888 0.9421792920379108 0.5765928228198665 0.9140787318798254
0 0.6627567887796973 0.658168742922863 0.6870756991573009 0.6713363424505037 0.6802711012306696 0.7110550325703837 0.655952190853066 0.697887433042743
0 0.6918159283630229 0.612026576136149 0.6697909398623583 0.6006128169131385 0.6736615794580562 0.5770066939467714 0.6956865679587207 0.5884204531697819
0 0.6188890461990346 0.5799371620996622 0.6279747577171261 0.5549394372879856 0.6352657607871984 0.5633147433787365 0.626180049269107 0.5883124681904132
0 0.6074814924931594 0.6167645457561324 0.6184674046494265 0.5865387556965658 0.6257584077194989 0.5949140617873168 0.6147724955632318 0.6251398518468834
0 0.6036913752564399 0.6499907823627258 0.6143337728808631 0.6207101116500313 0.6216247759509355 0.6290854177407823 0.6109823783265121 0.6583660884534768
0 0.6162021855494676 0.6041878018085729 0.6252878970675592 0.5791900769968962 0.6325789001376314 0.5875653830876472 0.62349318861954 0.6125631078993239
0 0.6535930710669465 0.376141598583402 0.6646572019813599 0.3811483972194207 0.6563029627463005 0.43949546489283686 0.6452388318318871 0.4344886662568182
0 0.66620310182529 0.36629781559164853 0.6707657308278239 0.36776679850760036 0.6648024601920973 0.42630479817809785 0.6602398311895634 0.424835815262146
0 0.6596045103630195 0.41417228097556785 0.6641671393655534 0.4156412638915197 0.6582038687298268 0.4741792635620171 0.6536412397272929 0.4727102806460653
0 0.8298618592054824 0.821237544485845 0.8556369587862596 0.8359743965074681 0.8499544368263259 0.8673861151193109 0.8241793372455486 0.8526492630976878
0 0.8047558921673087 0.813515636867447 0.8184601853170632 0.7998881613320384 0.8258950800205673 0.8235185572269291 0.8121907868708128 0.8371460327623376
0 0.8227177307769594 0.7929687540905729 0.849586337272627 0.7929687540905729 0.849586337272627 0.8275075439790213 0.8227177307769594 0.8275075439790213
0 0.8158813019724495 0.8740113573292706 0.8054570675691136 0.8444307815184575 0.8231470303401853 0.8247283688918019 0.8335712647435211 0.8543089447026149
0 0.8487239510761799 0.9103010562759415 0.8188619500197878 0.8896800968687842 0.8270937039766773 0.8520047406972785 0.8569557050330694 0.8726257001044356
0 0.8993646255431179 0.8915448239602793 0.8850593847145624 0.8537411845334765 0.9076958381616602 0.8266689008149195 0.9220010789902158 0.8644725402417224
0 0.9065011868987043 0.8148507339974693 0.9259535902534793 0.7961481965316594 0.9375552811347238 0.8342854110008342 0.9181028777799487 0.8529879484666443
0 0.9195221269696819 0.860412541935423 0.938974530324457 0.8417100044696131 0.9505762212057014 0.8798472189387879 0.9311238178509263 0.898549756404598
0 0.9424085422439848 0.8429874178066976 0.9868893857283912 0.8265412519888348 0.9956748646710488 0.9016393154363216 0.9511940211866424 0.9180854812541844
0 0.9309683494649689 0.7959082255704363 0.9762316173307498 0.7959082255704363 0.9762316173307498 0.8451443728582264 0.9309683494649689 0.8451443728582264
0 0.9758182541538984 0.8095032811648306 1.0 0.8095032811648306 1.0 0.8682927107621904 0.9758182541538984 0.8682927107621904
0 0.9956581018501828 0.8688371268982022 1.0 0.8688371268982022 1.0 0.8836317428160979 0.9956581018501828 0.8836317428160979
